[20 18  9 30 20  5  3 13 15 25 17 26  5 29 29 32 16 43 18 25 12  5 32  6
 18 11 29 19 27 32 12 37 19 44  8 27 16 46 26 21 19 32 24 23 31 28 29  9
 17  4 41 11 46 43 20  2 10 15  6 19  1 42 26 35 28 27  9 40 12 41 18  3
 35 31 16 29 23 24 25 33 38 18 29 19 35 18 34 23 13  7 16  2 20 24 11 39
  7 34  3  2  1  7 10 19 30  2 27 13 21  7 31 19  9 17 34 25 23 28 41 12
 16 39  9 40 46 36 39 14 16 42 21 30 29 34 12 10 22 38  6 31  2 19  4  7
  9 41 46  1 28 38 28 25 24 34 21 13 39 39 35 18 18 34  5 21 29 11 40 35
  9 32 42  2  3  6 37 28 29 25 45 46 13 30 18 28 32 38  2  8  7 37 41 26
  7 16 12 22 36 21 17 30  6 40  1 33  3 44  7 11 13 37 14 45 17  1 24 15
 32 41 19 30  7 34 13 30 12 27 44  1 42 30 36  5 15 37 10 30 16 11 11 32
 39 14  8 38 21 34 13 23 36 17  3 26  4  9 10  2 10 27  5 14 10 10 14 19
  1 16  7 21  7 29 33  3 23 38  7 22 46 21 13 12 20 36 34 25 46 20 30 15
 41 13  1 20 33  3 29 11 22 28 28 35 36  4 26 34 31 43  7 10 23 46  4  4
 11 41 15 11 25  1 21 25 21  5 12 46 29  8 18 11 43 12 46 16  7 41 44 17
 31 29 32 22 42 10 23 45 24 31  2 37 10  3 11 44 28 15 36 37  1 22 10 11
 13 37 38 40 29 46 40 38 38 34 43 39  6 33  1 23 44 44 25 42 25 12  9 25
  9 20 45 32 24  9 25 11 38 38  6 21  2 44 34  3 43  6 24  1 11 27 24 11
 42 18  4 11 17 31 14 42 36 15 38 17  1 44  5 10 25 26 32 29 14 29 20 46
  3 28 14  3 19 32 26 12 26  9  1 38 24  4 41 44 19  1  6 40 10 32 18  4
  7  3 39 13 39 28 13 29 17 26 23 12 23  9 13 28 30  7 44 14 33 23 17  3
 17 24 34  8 42 22 26 35 42 27 46 15  4 38 15  9 18 18 23 29  7 40 35  8
 20 22 41 19 29 23 14 21 28 15  3 28 45  1 34 35 16 20 40 19 42  2 43  5
  8 44 11  8 24 21 27 38  4 25 42 20 36  8 18 13 38  5 10 29 13  6 25 19
  7  3 33 16 15 46 29 13 33 38 12 34  6 36 38  9  7 41 22 24 15  6  7 26
  9  6  7 34 10  2 43 43  5 23 44 36 45 36 17  6 38 32 12 29  7 28 41 45
 22  4  8 38 42 16 41 34  4 38 41 19  9 37 39 32 11 26 16  2 21 19 20 19
 12 16 21  1 45  1  4 28 10 13 40 46 38  2 27 33 45 34 19 24 13 21 11 22
 36 22 14 43 20  8 28 32  3 30 13 31 26 15 10 10 30 25  4 14 20 16  4 20
 41 40 12  9 22  4 32  7 31  2 24 15 12 41 32  3 28 45 27  4 44 25 31 44
 17 23 22 43  8 11 11 13  9  1  5 17  6 30 24 37 12  7  3  5 21 41 35  3
 42  2 26  1 38 10 31 14 42 36 36 27 25 46 18 45  3 29 25 29  6 44 16 38
 12  5 33 17 14 33 35 39  3 33 39 36 38  7 34 13 23 33 35 30 27 10  6  5
 23 40  5 23  5 41 33 16 16 40 46 18 20 30 44 39 26 27 37 45 20 36 33 44
 13 20 42 25 38 22 20 37 10 19 27  5 38 31 24 43  3 23  1 38 36  1 13 39
 12  3 22 30 18 31  5 13 33 16 26 25 21 41 44 33 26 14  6 21 17 35 40 43
 16 38 46  7  4 17 14 13 38 34 29  4  4 15 46 37 21  7 28 14 12 44 18  7
 16 18 23 43 21 36  8 17 14 27 44 14 19  5 14 25 12 39  4 42 34 25  1 22
  4 33 16 29 14 22 25 39 35 42  9 26 34 36 23 14 21 10  3 10  5 31  2 43
 29  5 15 31 39 31 41  2 39 24 31 12 33 34 31 18 46 38 45 26 20 24 30 31
  7 25  1  3 40 45 42 39 20 44  5 22  2 21 16 26  5  9 37 43 33 23  7 23
  3  7 27 25 37  1 43 20  4 17 23  5 37  8 38 45 16 42 40  5 40 37 37 45
 44 22  6 37 31 30 17  8 35 28  3  2 30 41 20 46 13 33 36 35 33 12 46 27
 39 42 40 45 34  4 28 33 40 18 23 42  9 22 16 13 29 30  9 35 40 26 40 40
  2 34 28 34  2 15 38 25 30  8 13 40 43 30  7 25 45 46  9 20  7 32 27 12
  8 34 37 46 10 14 41 21 30 31  6 14 26  5 45  6 35 45 14 35  6 35  3 41
 46 22 20 39 20 45  3 20 33 15 29 36 23 38  7 11  2 43 27 10 26 31 44 40
 31 31 37  1 12  2 30 26 35 29 43 32 24 20 14 26 40 17 34 42 38 37 28 32
 34 16 19 30 34 17 24 33 46 22 32 23 21 11 46 23 38 26 43  7 11 20 34 44
  1 16  6  2 43 39  5  7 26  4 26 17 33 45 17 41 38 20 23  6  2  5  2 13
 15 36 34 12 39  3 39  4  5  3 46  2 17 41  7 31 31 27 21 44  1 15 13  2
 31 39 34 44 20 28  1 24 44 23 46  4  2 35 16 14 26  8 29  9 12 37 25 22
 35  1 14 13 45 46 26 18 25 45 35 46 10  3 32 19 32 12  6 16  6 12 12 38
 10 22 21 27 43 31  3  5 30 11 21 22 12 14 36 16 11  1 27 23 42 16 35 34
 31  8 14  2  9  4 40 20  7 37 20 37  3 39 13  5 36 35 12  9 10 14 24 31
  9 46 17 12  4 35 11 21 26 43 10 44 46 29  4 19 29 27 14 14 21 27 20 35
 25 11 20  6 25 11  2 42  3  7 43 45 20 34  1 32  9  6 17 41 31 43  9 15
 45 21 24 38 22 39 39 35 36 26 26 13 21  2 16 17 23 44  3 26  3 15 45 46
 12 11 25 29 23 13 24 18 29 11 25 42 45 29 17 27  4 35 41 23 12 42 26 26
 14 34 26  3 32 36  3 14 24 40  6 12 26 30 22  8 20 33  1 46  7  1 34 39
  3 18 16  2 34  7 15 43  4 33 18 41 23  8 41 12  9 41 16 38 36 18 13 21
 13 30 27  6 11 33  1  9 13 41  7  6  8 15 11 18 42 19  3 16 39 46  9 37
 46 26 46 43 21 20 17 20 25  9  4 18  9 32 19 36  8 28  6 33 30 32 27 31
 41  6 28 18 23 25 34 21 25  8 25 34 20 10 20 23 43 18  1 15 17 44 46 40
 25 45 30 39 13 19  8 30 26 11  6 42  6 11 18  4 30 39  5 33  8 14 19 40
  3 20  4  6 33 18 42 43 18 41 26 34 32 34  7 11 11  4 28 11 19 22 45 35
 38 40 42 19 32 15  1 11  3 12  6 18  3 37 13 18 16 42 39 46 36 25 15 17
 35 17  3 30 45 29 46 42 17 34  7 28 15  9 22 29 15 29 27 40  3 21 29 17
 33 43 32 17 41  8 21 38 10 44 39 35 21 38 23 40 29 26 14 15 32  8 35 46
 43  1 19 43 11 26 33 32 40 27 33 33 36 23 39  7 36 24  6 32 26 11  4 17
 13  4 37 14 17 35  1 24 36 18  4 40 26 44 14 19 31  3  5 23 20 35 36 28
 14 11 35 33 26 13  1  8 37 29 11 11 37  6  4 26 40 22  5 45 18 19 24  2
 12 24 16 29 10 45 14 26 32 42 38 12 25 22  8 24 39 26 24 33 28 35 29 30
 33 21  5 11 29  8 45 38 40 26 44 35 38 11 22  4 28 24 41 37 20 40 35 45
 15 36 18 13 33 24 39 33  8  2 20 40 40 32 17 30  7 22 29  7 22 24 36 17
 33 34 30 26 30 18 31 21 45 11 36 22 13 41 20 36 18 22 15 28  1 23 44 42
 21 17 43 26 15  4  7  5 44  8 41 15 18 16 22 38 41 13 37 40 13 42 39 41
 33  4 21  1 18 39 13 40  8 25 19 30 30 12 37 32 17 35 29 26 24 36 27  8
 37 44 19 30 46 36  5 11 24 22  9  9 39 33  4 22 25 37 31  1 32 18 42 17
 32  1 40 30  8  9  6 24 15 38  2 12 40 41 15 40 40 13  9 46 13 42 31 34
 41 21 23  6 23 19  5 23  8  7  6 18 36 29  4  5  9 16 17 35 46 19 46 12
 16 39 21  7 38 46 14 18  2 17  1 21 14 18 26 22 16 13  8  1 20  9 41 30
  3 20 12 24 18 15 44 34 20  3 12 42 43  9  9 13 31 22  4 13 31 21 40 45
 43 28 11 33 10 24 26 15 41 24 10 11 12 35  9 14 22 13 43 28 29 23 23 22
  7 14 46 38 27 10 42 33 46  7 37 26 12 46 28 26 34 44 30 14 46 36 26 44
 37 13 15 46 37 44 36 27 18 25 27  3 20 14 17 24 38 16 26 12  5 32 33  4
 24 46  6 24 27 38  2 19 25 39 45 34 17 14  1 39 21  6 26 23 38 10  9 15
 20 12 16 34 13 42  9  6 29 32 12 37 10  6 28  3  4 44  1 37 16 39 30 10
 18 32 32 44 12  8  9  4 18 13 18 35 31 41 27  7 16 41 37 26 16 20 17 15
 15 40 29 30 32 14  4 36 17 41  1 16 41  9 15  3 45  9 21  3 25 41 10 30
 30 25 27 14 30 13 12 19 41  7 32 40 14 34 45  9 33 42 14 20 40 39 11 11
 10 16 30 17 36 46 27  5  4  7 21  5 37 26 45 21 22 14 36 27 31 20 40  3
 14 17 36 12 42 22 12 41 38 16 18  3 14 40 45 23 14  4 17  1 14  2 42 15
  6 19  3 15 19 43 10 38 10 32 11 33 20 40  4 44 34 25 34  6 44 31 17 10
 16  7 39 30 13 36 26 29 11 34 12 10 14  4 22 43 22  7 11 21 27 13  5 32
 41 22 24 14 20 26 44 44 14 45 27 13 14 11 30 12  7 12 43 18 42 14 11 12
 42 42 33 17 33 37 39 40 30  2 25 19 24 34 19 21 17 14 21 15  4 11 37  5
  9  2 28  2 34 25 27  8 29 29 37 41  8 35 24 19 25 46 31 37 42 34 25 38
  9  8 45 45 20  2 44 15 40 31  3 20 45 40 18 15 39  8 39  3 36 34 12 14
 40 46  4 22 37 37  7  8 14  6 29 20 30  5 38 42 32 40 30 13 25 32 39 40
 33 40 25 32 29 14 46 20 31 43 34 37 44  2 11 10 14 33 14 13  7 14  4 18
 28 42  6 22 23 27 39 33 46 40  8 21 38 33 11 14 30 27 35  9 41 29 36 30
 27 34  6 12 45 21 46 13  5 21 29 41 37 24 38 28 41 18 26 15  3  4 10 40
 45 43  5 29  9 24  4 44 20 44  6 16  5 25 36 27 40 12  7 38  8 25 31  7
 26  1 46 43  3 15 13 44  8 10 33 27 35  6 16 30  9 11 45 32 40 45 21 15
 11 17 38 46 14 46 28 38 29 19 37 28 21 28 22 11 32 43 12  8 32 28 10 19
 14 19 11 31 24 14 15 14  7 42 29 41 38 26 23 40 19 36 23  7 21 25 37 33
 46 45 21  2  2  5 17  1 40 46 46 17 31 46  9  9  3 15 18 33 31 23 31  5
  6 13  6 44 13 41 33 29 14 23 31 13  7 35 41 13 28 21 37 45 31 41 36 27
 33 27 27 31 24 37  7 22 10 20  3 31  2 20 11 36 20 44 45 40  3 16  3 40
 12 43 45 23 12  7 36 14 44  5 19 19 39 10 13 31 35  1 23 27 32 45 23 28
  7 37 19 20 45 10 46 40 14  5 42 30 36  2 44  2 15  8 10 40 21  9 17 34
 13 25  4  3 32 25  3 30 46 46 19  9 36 43 16  1 23  4  1 27 29 39 21 24
 14 28 40 12 17  4 25 26 14 46  4 30 39 35 43 27 22 11 12 30 43  9 18 10
 31 33 28 44  9  4 41 43 20 36 14 13 21 17 22 30 25 33 10 38 19 32 34 15
 21 19 19 27 36 39 24 22 40 46  6 46  8 20 31 13 46 12 21  5  8 29 35 18
 22  2  4 44 35 15 36 46 34  2 45 27 32 20 30  1 16 35 15 12 34 29 34 38
 30 44 27 46 37 45  9  2 40 37 36 32 45 16 26 21 23 40 25  2 36 36  7 39
 35 37  6 21  6 45 19 45 42 18 39 40 15  2 45 25 30  7  7 14 46  8 19 25
 26 38  5 26  9  9 26 22 15 38 44 15 17 24 37  8 19 30 40 22 12 15 45 20
 23 23  5 42 14 15  2 33 41 17 33 42  5  1 12 32 36 13  9 28 20 27  1 39
 28 31 11 12 30  1  3 31 34 16 42 29 24 22 14  8 46 32 18 36 17 15  2 40
  6  2 25 42 39  3  5  8 28  5 16 35 45 41  9 24 23 18 18 42 28 32 45 27
 12 45 12  1 25 30 45 20 35 46 34 17 37 33 18 40  5  7 39 24 14 37 12 16
 43 27 24 20  1 22 20 32 26 27 29  3 32 38  3 19 43 10  5  2 12 40 27 32
 28 38 19 33 38 42 17  2 41 35  4 33  3 41  6 11 36 26 11  6 12 46 12 46
 37 25 45 30  5 46  6 39  7 12  4 29  9 45  7 22 30  1 23 45 25 20  9 22
 12  3 13 30 40 29 39  3 40 22 26 35 25 42 34 41 43 13  4 18 45 25 22 15
  1 26 10 43 40 29  4 28  7 37 10 28 46 26 11 40 35 32  9 30 19 10  1 36
 39 43 24  3 24 35  2 17  3  2 28 37 19 38 13  2 46  1 14 13  7 46 39 42
 29 28 20 32 33 37 21  3 25  8 44 29 46  2  4  5 24  8  8 39 43 38  7 12
 25 21 40 26  8 30 13 10 43 36 16 34 42 39 20  4 40 27  5 21 19 19  7 36
 41  7 32 17 17 39  9 33 21 35 19 25 14 10  9 17 30 46 24 43  9 11  8 19
 15 12 19 11 24 38 35 13  5 18 15 28 43 13 29 32 37 17 40  4 40 16 13 41
 32 36 40 22  5  6  8 30 26 16  7 45 26 34 29  7 23 10  5  5 26 33 12  5
 44 46 31 15 41 31 46  5  6 20 29 39 11 16 15 31 44  4  4  5 24  1 45  9
 34 17 36 14 33 33  7  5 14 41 12 22 45 31 36 22 29  8  5 32 25 22 33 25
 29 20 11 40  3 26 40 43 23 32  2 12 32 33  1 19 37 32  3 30 25  4 35 25
 15 43  9 42 10 36 33 29 33 26 25  6  3 26 22 41  9 37 43 43 23 27 14  1
 38  1 20  2 44 36 32 28 46 37 39  2 37  9  6 24 17 18 24 26  5  4 30  5
 26  7  1 42 32 20 37 12 45 27 26 25 17 42  8 35 42 37 32 35 19  6 20  2
 27 34 13 41 16  3  8 25 35 32  3 39 36 43 42 14 44 39  5 35 14 16 10 15
 32 20 18 39 25 28  6  1 10  3  9 24  6 21 23 30  2 45 38  3 21 18 40 44
 27 16 41 37 46  9 30  4 45  9 41 18 38 16 27 26 30 29 37 39 19 31  4 11
 18 33 39 20 23 46 37 29  3 43 39 42 30 16 37  6 40  1 38 35 22 38 30 24
 41 13 13 26 33 29 23  4 29  9  6 32  3 38 37 39  1 29 28 22 31 16 15 10
 37  6 39 17 37  7 12 34 43 34 37  7 30 36  9  8 18 16 11 10 21 29 14 12
 29 13  4 45  7  7 41 10 46 30 10  2 21 36 32 16  9 24  5 43 30 12 14 45
 16  3 22 16 29 33 23  7 30 18 23  2  5  5 26 41 31 15 43  9 22 41  5 24
  6 40 14 10  9 32 42 28 36 22 25 40 13 13 20 30  9 12  1 38  8 21 11  7
 10  9  3  5 18 26 40 28 24 43 28 29  2 20 27 39 15  6 37 33 41  6 34 34
  2 35 44 42  1 39 18 31 23 35 32 42 21 23 38  4 44 12 19 32 24 29 43 36
 43 35 19 41 39  2 35  5 23 42 39 42 16 11 34  4  3 45 26 14  1 10 31 10
 40 20 27 38 31 14 11 21 28 34 20 35 32 12  7 45  4 15 12 32  8 13 24  3
  4 29 20 27 36 14 45 15 27  9 29 11 45 41 12 37 38 41 20 16 38 20 42 14
 26 24 40 12  2 22 25 36 41  5 30 25 29  9 42 38 36 45 24 13  8 39 38 22
 32 27 14  9  6 21 44 23  7 20  6  6 14 35 44 45  4 36 42 12 39 28 35 13
  5 40 12 46 29 43 41  6 40 20 43  1  9 17 41 28 35 13 45 28 25 34 28 17
 42 38 43  5 39 44 38 17 31 45 13 21 19  1 35 46 22 24 46  6 29 30 44  5
 40  6 28 14 16 16 39 46 28 28 37 11 34 40 26 41 43 40 16 41 12  7 30 46
  9 14 15 27 34 28 36 28  1 12 23  8 46 45 43  4 38 32 24 43 43 22 35 37
 34 28 15 19 18 27 21 33 36 27  4 10  4 23 28  3 13 37 13 46 42 13  8 21
 10 32 14  7 34  4  8 21 10  6  6 31 18 32 19  1 43 42 23 12 42 34  3 27
  4 43  6 20 12 35 43 43 24 38  3 27 16 36 27 17  1  9 35 14 31 14 35  2
 37 12 12 31 27 20 39  3 12 36  6 17  6 11 24 35 20  8 30 30 28 18 13 44
 38 27 28 31 16 33 28 15 10  8 22 12 40 38  2  3 23  7 16 25 33 30 29 43
  9  8 30 45 13 40 23 33 42  5 42 26 44 31 16 29 13 21 26 26  7 19 40 19
  1 25 32 42 18 25 30 17 19  4  2 36 43 45 45 33 31  9 11 11 37 32 25 44
 13 22 16 46 40 24 44  2 41 22 32  4 38 18 23 41 30  3 45 41 11 15 45 16
 39 40 11 25 14 44 36 10  7 31 29 38 44 20 40 15 12 39 12 19 40 45 12 13
 34 42 28 13 36 37 26 26 28 43 42 44  4 26  1 11 39  1  1 22 23 40 39 44
 44 37 31 46 18  1  5 43 35 30 23 15 44  6 25 16 41 26 12 18 43 46  3 17
 25  5 31 25  4 31 46  3 43  9 43 25 30 25 20 11 38 17 20 25 36 12  4 23
 34 44 14  4 45 17 35 20 37 16 34 38 35  2 20 36 38 11  2  5  5  9 23 19
 43 28 34 43  1 18  6  7 22 21 16 26 26 11 11 43 26 44 31 37 20  8 43 45
 20 31  5  9 21 21 28 35 19  4 18 40  3 19  7 32 37 35 35 42 11 24 27 30
 17 31 23 46 35 17 36  1 16  1  5 21 16 16 40 45 11 11 34 20  3  5 40 35
 36  2 15  3  6 13  2 26  7 30 35 14 20  5 43 24  2  9 40 20  5 41 12 27
 13 42 34 18 21  6 13 31 20 30 14 13  7 11 20  8 14  7 13  5  1 12  2 18
  1  5  3 43 24 28 29  2 36 17 36 17  7 37 14 20 10 16 22 20 10 42 10  4
  5 28  2 38 22 43 30  5 12 32 29 13 16 43 29 34 29 41 32 38  2 38 22 24
 11 44  3  1 24 42 29 24 29 25 29 32  9 41 40 45 22 28 40 11  8 12 44  7
 22 15 13 41  2 22 24 46 46 31 43  3 33 39 17 33  8 10 46 34 15 11 34 38
 36 38 15  3  8 19 17 23  9 24 13 29 11 16 46 42 28 32  1 45 11 40  5 18
 21  3 10  9 11 43 41 28  1 10  9 35  8 19 13 33 31 38 42  3 35 39 15 31
 26 21 45 23  8 22 37 18 16 44 28 30 34 11 13 38 25  4 46  1 28 46 25  7
  5 21  1 25 33 33 39 33 24 34 21 17 34 45 16 45 23 31 24 10 27 11  9 22
 31 41  4 42 41 21  1 41 42 44 18  6 10 23 38  9  5 22 16 18 46 25 36 12
  2 12 17 43 31 20  4  1 28  7 37 16  3 16 25 24 17 15 40 14  3  5 39 15
 12  2 45 18 39 18 34 42 28  5 22 14 34 18  5 40 12  4  3 40 19  6 31 18
  1 44 21  6  7 38  5  6 12 16 44 19 36 11 20 16  7 45 38  4 43 19  9 23
 42 31 18 22 21 32 19 40 44 33 11 14 26 31 34 14 42  1  3 30 16 37  3  6
  6 45 32 41 28 46 34 10 21 39 44 24 17 45 11 16 33 18 32  9  2 14 15 19
  1 31 26 23 18 32  3  9 20 11 12  7 46 30 33  2 38 43 37  1  6 31 22 35
 28 33 17 10 10 43 38 27 10 38  1 45 40 27 23 17 23 21 16 29 40  8 22 11
 31 19 22  2  4 13 37 10 12 15 38 27 42 14 22 44 30 10 38 42 27 28 32 45
 34 27 14 18  4 15 29 38  6 23 35  7 28  6 20 43 42 45  4 12 18 15 20 33
  4 43 32 35 15 35  6 12 28 11  1 31 28 45  5 42  1  1  5 46 46 19 16 35
  1 16 20  3  2 12 11 23 37  8 28 16 46 30 15 23 14 35 41 28  3 16 31 18
 10 38 43 11 36 42 40  1 19 24 13 20 10  3  7  1 31 11 45 38  2 12  2 28
 15 31 23 33 23 32 34 29 39 39 40  8 29 28 12 13 44 21 14 45 15 26  7 20
 13 20 41 21 40 38 30  5 10 31 39 11 36 11 26 11 26  8 23 42  8 39 21 32
 37 19 43 10 14 24 33 11 18 37  5 35  5  9 35 42  6 16  7 38 15 24 10 10
 27 33 12 36 21 30 40  3 17 13  6  5 29 14 37 12  8 17 35 27 17  4  8 44
 22 39 31 15 30 31 28 32 14  8 46 30 27  7 28 42 18 33  2 25 27 13 11 37
 24 35 31 44 14 20  2  3 19  1 18 29 46 34 24 38 15 30 38 17 42 19 13 41
  9 23 35  1 35 11 40 17  7  7 29 12 27 27 41  4 46 41 46 33  5 16 45 22
 45 14 32 28 27 37  4  8  8 24 16  3 26 43  3 11 36 39 26 15 18 12 34 42
 37 22 43 20 22  2 20  4 26 39 37 39 29 11  3 46  9 37 46 18 21  8 13  6
  9  8  9 16 28 25 21 38  4  9  2  6  3 42 27  1 39 33 33 34 16 22  1 11
 22 43 22 27 15 10 37  6 22 21 16  6 21 43 23 45 38 27 11 45 36  8 44 29
 29  9  7 40 13 41 32 32 38 22 39 20 44 32 31 32 12  2 14 14 32 10 43 20
  8 29 42 18  2 26  7 10  6 43 10 46  2 19  8 15 43 40 11 28  2 18 46  3
 11 43 29 32 14 35 21  9 19 30 40  9 31 11  1 35  5 36 42 11 40 46 45 15
 12 24 23 42 46 24  9 44  2 28 12 41 17 44 30 21 33 29 21  3 14 10 43 42
  5 40 33 14 13  6 35 20 18 46 21 44 31  1 30  5 37 40 14 35  1 14 19 16
 43 13 32 39 23  8 33  7 21 46 15 28  6 20 26 39 46 46 39 41  6  7 43 27
 16 33 43 24 25 18 27 30  7  1 24 43 32 39 32  1  4 38 31 34 40 19 15 13
  1 18 34 39 27 18 13 43  4 44 41  2 23 38 35 29 17 37 42  5 16 31 18 37
  4  2 26 45 25  8 18  7 44  8 24 44 36 29  3 38 32 10 23  8 41  2 30  2
 43 44 10 44  8 27 43 18 33 29 19 21 16 37 34 42  1 22  2 27 18 21  2 17
 41 31 35  8  6 40 32 15 20 10  6 29 29 43 39 19 39 44 14 30 44 11  3  1
 18 32 16 36 24 38 26 12 26 23  3 43 24 19 38 24 22 34 45 36  3 37 20 42
 43 44 43 14 28  9  5 42  9 21  2 12 30 40 44 12 29 27  9  1  4 14 13 14
  3 12 21 35 24 28 18 11  7 45  3  6  2 20 43 10 35  2 13 18 15 45 30 14
  8 43  3 20 23 40 39  4  9 11  6 36  4 17 10 23 26 10 35 22 11 19 12 42
 19 32  1 22  1 28  6 14 43  4 14 24 10 39  2 20 37 31 35 17 44 43 29 15
 37 14 24  1 11 20 42 33  9 30 16 26 27 23 34 28 41  3 14 35 31 19 20 12
  4 45 13 37  4 45 25 32  8 46 37 41 40 44 38 31 42 36  4 33  7 29 27 32
  7 16  9 36 32 38 27 40  6  7  3  4 20  8 27 44 18 45 12 42 43  4 19 22
 41 23 35 43 20 38 33 14 43 38 19 37 31 10 14 43 22  8 30  5 22  3 28 16
  9 16 33 13  9 24 36 33 22  2  5  1 15 31 19  6 17 24 12  7  4 10  4 23
 10 23 38  6 43  4  7 39 27 26 21 14 28 21 36 11 21 34 40 33 42 37 28 18
 38 29 41 10 23 32 24 15 46 30 14 22 17 39 22 11 41 11  8 32  5 13 43  1
 20  2 25 18  4 14  8 21 26 36  3 43 33 26 33 46 37 17 12 11  5 46 35  9
 26 37 22 12 41 20 23  1  2  5 41 40 39 39 16 23 44 27 12 17 17 28  5 39
  2 16  1  6 42 17 37 36 42 19 23 31 40 23 39 12 21 29  4  4 36 46 16 44
 25  3 21 32 44  6  7  5 37 13 25 18 43 11  1 38 46 30  1 38 27 24 39 37
  3 45  2 29 42  3 36 41 14 25 13 45 16 34 20 26 37 38 37 15 37  8 26 20
 41  3  4  7 21 42  1 13 39 20 32 44  6 11 27 33  6 29 42 41  2  8 30 39
 25 44 29 38  4 17 15  8 36  1 16  9 10 44 44 10  1  4 15 30 27 26 42  6
 20 40 31 24 29 20 28 46 39 32 23 11 40  3  2  1 40  5 33 10 18 36 44 19
 36 18 36 31 10 30 44  1 37 36  4 29 19 21 29  8  5 22 32  8  9 11 44 19
 19 43 10  3 40  7 30 31 39 44 21  9 15 14 13 35 22 14 16 43 16 17 29  6
 24 40 25  3 40  3 34 19 22  5 26 44  7 46 15 38  2 44 14  6  8  1 37  2
 25 18  5  8 23 41  7 40 45  3 40 18 37 13  2 26  6 22 44  6 38 27 27 19
 29  3  9  2 29 13 31 27 27 42 10 29 36 18 20 25 20 14 10  7  6 31 13 37
 20  1  8 22  7 33  3 10 16 13 10 12 28 41  4 23 30 25 15 27 28 41 46 28
 46 37 41 27 29 38 12 40 34  2 10  3  8 12 22 17 13 10 25 45 27  7 33  4
 35 44 34  5 29  8  6  8 43  7 34 39 25 22 21 11 18 14 11 44 22  8 13 44
 42 41 15 40 41  2  9 17 25 16 30 21 18 28 36 43 26 37 18 11 12 11 12 45
  5 17 15 26 15 39 34 29  1 42 10 23 13  6 18 45  8  6 24 15 25 31  5 41
  3 12 29 12 31 18 43  9 27  8  2  3 11 33 15 29 40  9 36  1 20 18 29 40
 42 33 37 17 33 16 11 36 17  6 19  9 10 31  8 46 12 14 30  4  8 18 26 35
 24 36 39 30 11 41 39 44 24 23 46  8 23  3 46 35 45  7 25 15 30 41 26  5
 40  9 15 39 35  4 20  4 18 29 15 30 36 40 29 22 21  2 43 15 33  3 35 43
 28  9 30 45  6 10 38 30 18 21 43 28  8 39 35  2 15 10  2 24 43 44 31 17
 36  8  9 27  7  5 15 35 30 38 37 40 31 36 29 44 12 29 27 23  2 20  3 43
 37 43 32 18 37 23 29 12  9 45 35 19 21 36 28  2  8 44 10  7 33 34 25  6
  3 30 38 10 36 17 14 30 16 15 37 46  5 28 43 26 37 11 46 43 32 18  5 14
 40 26 40 25 21 45 12 34 29 19  4 33 14 14 44 14  6 10 12 28  1 19  1 24
 11 21 18 18 29 13 44  3 14 28 29 26 24 32 22 21 13 30  2 41 22  4 11  5
 36 24 46 45 10  5 44  4 26 46 34 23 21 31 12 46 20  1 30 28 32 19 40 24
 13  4 42 40 11 38 20 12 25 41 19 40  7 43 39 42 43  4 33 41 35 13 44 45
 13 11 17 35 30 19 33 31 46 13 23 18  2  2 10 46 46 26 42 24  3 19  1 37
 42 10 10 18 10  5 39 30  7 42 29  7  6  9 45  7  8 27  4 14 13 10  3 45
 27 35  1 35 23 12 35 30 24  8 14 10 16  3 20 34 15 13 28 42 39 20 46 24
 14 24 25 17 37  9 30 26 44 17  2 31 45 31 38 20 26 15 32  6 27 25 34 44
  3 29 14 17  5 17  9 43 34 40 37 38 44 39  7 16 31 23 21 44 20 15 12 39
 13 22 15 17 30 36  4 44 35 37 21  3  5 16 10  9 37 37 18  7  1  7 18 29
 28 44 28 30 32  3 10 32  2 35 39 39 26 41 42 24 30 14 35 42 14 43 11 32
 13 27 18 33  9 40 40  8 19 12  1 33 42  2  6  6 27 11  1  1 40 27 35 23
 33 34 10 25 14 14 45 25 14 12  6  5 33 19 27 26 13 12 43  4 34 32  2 23
  6 27 20 34  8 18 34 40 35  1 30  6 30 26 42  6 43 42 23 41 21 14 14 15
 23 21 36 19 40 23 41  2 31 39 37 35 32  4 25 38  8 16 35 23  6 35 37 33
 18 10 27 23 28  6 31 37 22 29 29 24 20 39 43 12 23 45 11 32 15 15 34 37
  7 35 40 10 38 23 33 10 15 32  4 32 37 27 25 13 32 25 45  7 37  8 45 37
 45 21 10 13  1 29  5 18 38 30  2 40 44 41 36 30 22 20 16  4 45 40 15 31
 35  8  1 13 25 10 44 16 17 37 13  4  4  5 16  8 23  9 22 19  4 12 22 28
 37 15  3  8 32 22 32 36 43 35 21 26 10 10 36 28 11 21 36 18  9 42  6 24
  2 21  3 19 37  6  2 42 45 46 24 19 37 14 16 37 18  3 43 28 21 11 41 30
 18  9  2 44 31 43 21  7 26 27  5 43 16 11 30 41 45 45 31 44 30 36 12 34
 13 31 28 14  1 15 32 14 36  4 19 40  9 46 18 37 17 41 38 45 35 35 38 35
 44 25 22 35 32 36 12 13 24 31 28  2 34 13 46 36 11 20  5 23 42 37  4 34
 12 24 19 33 42 27  9 29 41 27 18  7  3 32 15 10 43  6 31  6  6 35 43 22
 13 32  9 16 31 27 40 23 27  1 43 28 33 10  7 12  5  1 30 20 16 46 12 41
  7 32 19 23 38 27  7 44  8 23  4 18 33 41 24 21 22 33  4 19 28 27 23 10
 22  3 12 29  1 31 20 39 44 42 12 41 19 23 28 37  9  8  4 29 41 34 44 21
 28  7 32 38 17 43  8 43  1 44 46 15 16 37 34 36  7 37 18 32 37 45 11 35
 14 30 29 13 12 37 20  8  4  8 39 12 31 39 24 37 34 39 10 40 12 29  1 36
 42 43 39 45 40 40 14 40 23 21 25 12 34 35 14 44 25 43 30  7 32 38 24 40
  1  7  8 45 40 10 42 18 32 26 42 46 20 36  6  1 41 41 21 36 40 15  2 36
 13 12 12 31 18 31  6 30 31 30 16 37 41 27 28 15  4 15 22 23 11 15  7 45
 30  9 13 15 16 27 20 31 35 22 14 16  9 37  1 23 11 35 26 26  4 45  4 41
  8 40  7  9 38  9 20 19  5 11 28  7 40 34 37  1 24 28 33  9 20 20 45 25
 32 38 29 29  8 17  8 33 34 30 17 14 25 38 34 43 32 36 31  2 31 39 24  5
  8 31 26 40 27 44 33 25 35  3 45 17 12 31 38 35 43 31 10 13 41 24  9 44
 41 31 40 20 10  8 20 38 35 29 44  5  4  5 41 31 26 31 45 10 40 13  2 25
 43 44 22 30 19 33 42  4 38 34  1 46 39 11 44  4 45  3 39 41  5 35 16  5
 26 23 15  9 18 45 11 30 24 28 28 29 45  7  6 12 44 13 17 43 27  6 41 22
  3  9 28 20 23 32  2 22 45 38 20 22 10 33 22  1 13 38 45 20  2  7 20  8
  9 16 19 12 23  8  3 25 44 30 16 11 28  4 25 41 13 37 38 15 12 43  5 22
 22 28  8 17 46 25 30  8  8  4 44 17  4 40  5 33 40  3 26 35 27 42  8 15
 12  3 44 42 22 34  2 15 12 38  6 28 22 14 11 41 12 42  2 31 41 39 44 29
 26 28 22 43 14 12  8 11 45 15  9  5  8 32 26 20 12  6 43 29 16  8 14 16
 44 43 37 40 14 21 46 26 35 44 11  3 33 16 44  1 13 15 44 29  2 21 40 33
 34 16 15 34  1  7 24 28  8  6  4 24 18 36 10 40  4 26 29 30 29 36  4 14
 11  9 21 23  8 32 12 25  2  7 31 10 23 46 20  4 12 21  2 18  4 20  1  5
 46 39 27 18 46 32 38  1 20 44 18 20 44 35 37 41 25  7 26  5 32 30 24 23
 39 12 37 27 39 26 16 38 32 17  8 34  2 34  4 37 30 35 44 17 31 25 36 15
 43 11  6 18  6 16 41 25 43 30  5  6 19 34  5 22 18 40 31 46 30  7 14 28
  5 25  9 10 42 20  1 39 37 43 41  9 35 22 42 31 45  1 42 22  5 32 32 22
 28 22  6 19 45 13 30 31  1 38 31 31 19 31  8 10 22 42  6 29 35 20 26  6
 32 34 40 23 43 30 31  5  3  8 13 26 43  4 27 29  8  3 45 11 29  8  2 21
 21  1 42 36 22 12 10 12 33 27  2 14 26 28  6  5 13  3  6 31 46  2  1 38
 18 11 43 27 43 13 28 23 42 20 29 33 11  6  5 35 40 13 36 29 30 17  3 13
 15 30 31 21 25 46  2 18 41 37 44 37 34 34  7 40 31  2 46 25  8  9 27 16
  1 38  8  6 20 12 41 32 36 43 10 39 37 33  2 24 15 25 21 12  7 30 34 24
 39 33 40 17 30 45 24  1 35 20 24 16 15 40 45 16 22 25 13 26 26  3 46 17
 40 29 37 17 29  7 29 37 45 13 21 25 10 39 19 10 16 10 45 45 29 25 41 19
 25  3 42 24 24 12 46 33 36 38 15 35 40 16 46 37 45 43 23  7 30 19 44  9
 21  2 31 38 26  6  2 37 43 44 15 45 34  4 29 41  8 46 11 17 37 34  7 10
 17  6  5  5 29 30 34 28  8 30 42 13 14  5 12 13 25 34  2 30  8  9 10 43
 44 24 45 12  6 11 24 10 42 28 13 44 43 11  2 42  6 37 17 24  5 16 30 17
 23 22 30 18  9 43 30 30 31 45 25 16  7 18 25 15 39 36 10 42 38 41  2 15
  4 29 16 20  7 24  4 29 46  5 37 15 32 21 41 23 27  2 14  7 27 33 15 33
 26 37 38 23  6 45  6 23 11  5 24  5  1  5 13 46 43 45  7 37 13 29 30 18
 27 33 17 33 16 34 14 25 15  6  4 40  4  1 13 28 35  8 24 43 11 44 16 10
 26  7 20 12  5 36 40  1 24 34 35  1 32 42 28 21 11 25 45 37  5 10 41 13
 24 16 11 12 21 15  9 38 35 30  2 39 15 13 26 12 15 38 42 26 20  3 24  7
 46 46 34 14 17 21 18 20 20 38 18 44 30 24  8 38  8  1 29 28 44 44 23  5
  8 43  3 27 25 19  9 25 23 21 19 27 13  6 10 37 36 22  8 35 10 29 18 33
 25 23 15 41 21 14 37 33 37 33 28 23  4 12 27 41 28 28 28 10 41 22 20  2
 35  4 33  9 40 22  4 46 38  2 13 29 10 32 13 37  8 33 15 20 43 23 17 12
 12 15  2 23 21 43 42 19  1  4 20 13 13 14 26 32 29 35 11  2 29 34 36 24
 25 34 40 23 42  1 31 39 35 42 19 40 34  8  8 23 42 45 36 34 25  3 26 27
 22 12  1 28 14 45 15 13  8 19  5 12 31 10 33 10 38 26  6 23 23 27 26  4
 11  7 27 38 28 18 30 45 14  9 30 45 10 45  9 30  5 20 35 38 20 40 10 22
 24 26 31  9 14 28  8  5 29 13 13  9  6 45 40  3  5  2 21 45 46 35 11 34
  7 25 25  7 21 11 19  2 46 43  9 30 37 31  7 24 10 24 22 36 22 28 45  9
  4 33 23 42  2 38 29 24 13 10 39 12 41 23 41 11 34  7  4 23 44 36 32 16
 12 44 19  3 42 20 12 42 41  1 34 12 14 27 44 31  5 40  7 24 30 13 30 16
 34 21 35 42  3 36  5 22 36 43 32  7 46 13 16 17 25 15 15 37 37 14 40 13
 11 27 23 22 33 14 38  7  7 17 22  7 19 18 16 25 24 33  4 29 26 16  9 34
  9 43  4 43 46 26  6  6 36  6  2 38 36 43 38 16 18 21 19 43 32 10 30 37
 19 25 23  4  2  3 20  6  5 15 43 12 26 44 43 12 10 17  9  6 41 37 13 46
 38 37  7  1 38  1 39 41 10 39 34 16 15 23 29 46 27 40 21 36 27 17 41 14
 34 26 34 42 45 15 15 44  7 32 36 35 28 10  5 12 38 33 33 44  8 21 23 24
 31 37  5 41 40 31 23  5 17 39  6  5 43  5 38  1  3 20  2  9  9 23 36 16
 38 24 25 31 14 45 21 30 16 12  9 10  9 28 30 29 19 10  2 18  4 34  9 39
  4 42 16 31 35 12 31 17 40 33 43 22  5 37 25 18  2 18 36  1 13 12 19 28
  2 17 43  9 31 45  2  2 20 26 43  4 25 41 18  3 13 13 32  5 41  2 12 37
  8  6 42 13  9 41 28  2 42 23  8 44 28 15  5  2 25 38 16 18 42 40  5 35
 16 39 42 43 27 26 21 11  2 40  1 16 24 23 32 34  3 33 29 43  6 35 15 40
  9  4 20 27 45 29 45 19  6  4 44 28 20  7 46  2 16 17 27 27 16 27 22 19
 16 17 22 32 22 18 45  3 20 23 28  2 27 29  7 29 43 39 29 21  7 24  9 26
 14 15  6 29  2  3 11  3 34 30 42 44 46 24 14 42 20 18  7 14 18  7 23 29
 17 16 12 24 38 40 43 41 21 38  2 13 32  8 18 43 46  2 30 43  2 10 21  7
  7 19 32  2 37 33 43 12 45 34 28 45 19 46 15  6  2 18 42 22 22 38  3 35
 20 26  9 30 42 12 37 27 19 15 12  9 24 26 44 45 34 21 12 31  3 10 10 35
  2 21  8 29 10 42 28 23 11 34 41 30 32  1 18 24 44 13  7 18 38 41 45 11
 20 39 18  3 39 41 24 28 20 27 24 40  4 25  6 30 30 46 14 30  5 39 20 14
 26 16 10 45  7 30  9 33 28 21 46 33 22 29 38  7 40 27 32 10 15 31  6 10
 23  5 14 38 16 17 17 40 41  3 10 46  1 46 36 24 38 35 15 20  9 18 17 36
 14  8  2  6 39 37 14  5 21 46 14  5  4 45 39 18  3 44 24 30  3  6 30  3
 14  1 35 24  1 40 27 29  4 19 17 24 45 31 22 30 32 16 40 43 42 30 25 34
 19 33 42 36 35 12 10 41 22 18 38 40 11 37  5 15 43 12 39  4 12  2 33 12
 45 11 24 38 30 38 20 14 21  8 43  5 30 12 31 19  7 45 11  5  6 38 41 38
 11 37  9 35 11 11 41 13  1 32  5 26 23 38  8 35 16 17 41 23 27  2 39 22
 19  8 31  9 42 37 14 35  4 12 44 14 16 24 23 40  5  9 19 22 17  3 19  5
 19  7 11 35 34 34 43 39  2  9 32 13  5 30 36 30  2 14 35 32 17 38  5 17
 46  2 28 25  2 26  9 34 29  5 38 14 16 43 11 22  8 33 26 40  5 12 45 16
 15  6 36 11 46 28  4 31 28 12 26 26 35  7 32 36 37 20 36 23 18 20 29 27
 32 17 46 33 31 17 20  6  1 14 15 35 17 15 23  2  4 44 25 38 37 27  2 13
 10  9 45 46  8 30 17 36 34 32 23 24 38 42 43 40  9  3 45  3 14 32 44  8
 35 15 35 12  5 21  3 25  2 28 11 24  5 16 40 17 41 11  9 12 11 30 26  6
 18 27 16 16 27 26 34 32 13 39  1 41 36 45 11  1  5 29 36 18 27 20 33 43
 16 30  6  6 44 17  3  1  3 13 13 16 31 36 44  8  6 22 26 11  6 29 20 41
 17 32 27 14 35 33 19 28 41  4 29 20 15  8  2 17  2 36 16  3 25 27  1 19
  3 36 38 27 40 28 26 21 19 31 29 38 43 32 45 29 44 32 35  9 41 40 27 46
 28 29 38 21 25 46  8  9 16 13 33 27 37 21  2 28 14 14 39 13 34 38  9  3
 28 18 23 44 34 20 30 32 37 17  8 21 16 10 21 31 24 11 36 13 20 20  7 18
 46 25 28 28 29  5  1  1 14 26 11 23 28 12 29  4  2 25 34  4 27 30 22 30
 21 32 38 29  8  8 17  4 36 30 22 32 26 11 46 35 32  7 17 27 23  8  3 31
 27 39 17 33 41  5 11  7 33 41 18 40 41 31 25 43 39 13  8 11 18  3 38 20
 30  8 44 42 29 41 43  5 12 46 10 35 28 12 38 40 44 11 31  2 17 10 38 30
 37  3 23  5 31 14 44 24  3 15 29 39 35 42 24 39 36 15  8 46  4  7 32 17
 14 45 12 21 27 22 30 44 29 27 28 11 45 21 45 37 43  6 34  4 30 24 23 11
 25 34 25 34 13  6  7  1 24 41  8  6 45 38 33  5 32 11 38 28  2 31 42 12
 35 31 33 45 26 40 35 32  1  1 34 11 12 45  2 20 27  2 42  4 19  2 17  4
 29 43 25  2 26 17 39 44 43 32 15 19 30 19 26 28 27 20 10 39 18 31 18 24
 28 19 41 11  1  1 32  5 29 27 33 33  8 14 43 34 27 18 17 42 11 40 26 14
 33 27 33  6 15 25 12 10  2 40 19 31 41  3  2 32 41 34 33 45 42 20 31 10
  1 14 27 46  3  3 46 22 31 44 19 30 41 17 21  5  7 14 27 45 13 24 34 16
 15 40  3 35 40 40  4 10 23 29 11 20 30 32  2  7 30 36 34 27 36 34 30 12
  8 27 26 38 39 24 36 43 45 22 16 26  1  7 38 36 24 22 17 36 32 16 10 18
 17 39 43 34 10 38 22  2 10  3 34 32  2 15 21 23 46 26 24  9 22 23 40 15
 12 39 45 42 34 37 13 16 46 45 16 42 19 20 37 40 31 33 41 21 32  9 31 18
 13 24 26  4 13 24 18 28 32  6 39 38 24 20 33 34 26 27 33  9 35 10  1 45
 28 32 46 46 13 25 29 31 40  1 36 10 28  1 19 19  3 42 24 43  1 15 17 45
 40 36 16 13 40 19 16 31 32 20 30  2  6 32 44 43 10 14 33  2 37 18 34 15
 27 32 11 29 29  2  2 42 25 26  8 19 23  9  4 35 20 37  8 40 41 24  9 11
 37 31 14 34 10  9 32 39 16 42 32 30 44 26 26 20  1 45 37 38 35 39 13 22
 45 44 17 20 27 17 18 32 14  6  9 25 32  3  8  4  9  3 32 21 38 44 30 29
 26 30  7 11 12 23  4 18 25 15 13 28 41  3 28 39  4  2 28 39 42 39 11 21
 36 41 39  9 34 10  3 14 35 37 17 33 24 30 42 14 15  3 44 42 42 20  5 45
 38 31 36  5 25 16  3 23 15 30 16  4  2 44 19 40 22 44 29 27 26  7 28 17
  7 19 28 36  5 36  3 28 17 26 10 11 11 24 28  2 26  2 15 26 15  1 30 21
 17 36  3 12 34 12  4 15 45 28 24 36 25  7 41 12 43  4  1 20 33 17 31  8
  5 40  5 30 12 44 45 19 18  7 35 41 46  7 44 28 11 38 32  6 22 19  2 40
  8 13 28  5  6 31  2 21 42 32 33 39 23 36 20 33 28 46 37 11 12 35 41 34
  9 44  3 39 30 16 36 32 34 26 35 30  8 43  6 40 14 29 21 24 24 26 20 33
 19 11 40 26  1 38  4 26 24 10 12 43  2 38 42  7 45 17  6 41 39  2 27  7
  4  4 37 42 16 21 21  4 13 25 37 24 10  8 35 38 24 24 23 43 31  7 28 37
 39  6  2  8  8  2 31 17 11 32 14 44 21 41 11 26  2  3 10 38 15  9 43 19
 12 17 37 28 35 22 25 27 39  9  1 10 26 33 18 40 43  9 16 10 30 43  6  7
 20 18 39 43 11 40 13 24 22 32 40  7 19 23  4 13 16 28 44 27 34 43 13  6
 14 26 25 16 26  7 13 29 12 31 32  6  2  6 19  8 32 46 16  3  8 45 12 42
 31 30 41 30 28 26 17  3 28  1 41  1  4  6 21 20 13 29  5 16  6 33 39 29
 44  5 27 35 35  8 29 26 22 23 40 37 17  3  9 10  5 46 30 45 11 20 38 15
 30  7 44 42  9 22 15 43  8  9 21  2  2 24 22  8 31 38 13 16 30 21 22 33
 15 23 45  4 32 41  6 17 18 16 11 14 43 35  1 33 39 31 38 27 17 17 24 41
 44  1 31 13 25 16  4 34 35 16 39 39 44 19 10 26 16 43  5 31 23 13  3  2
 43  6  2 25 17 12 37 12  3 16 42 31 29 44 44 24 23 44  7 35 36 32 15 23
 23 31 16 42 14 41 28  2 30  7 33 37 40 32 33 13 16 17 28 11  4 33 26  4
 31 15 19 32 13  6 24 30 21 23 39 43  5  7  5 18 27 37 15 17 26 38 19 33
  8 33 23 46 27 31  7 28 45 32 44  2 40  9 39 34 33 29  4 30 20 20 43 46
 11 17  1 32  2 38 30 41 42  4 28 36 36 34  8 20 23 37 15  8 27 10 24 24
 23 25  1  2 46 25 42  8 40 42 28 16 43 40 24  8  9 12 41 29  4  5 19  9
  1 46 26  7 37  7 32 16 37 17 44 17 31 37 36 28 46 16 24 46  5 30 33  4
 14 13 14 21 20 42 17 29  8 31 18 25 44 44 14 31 22 45 22 31  2 31 26 18
 29 12  4 15 35 27  4  4 20  1 40  1  9 15 14 17 38  8 29 34 17  4  5  2
 19 18 29  6 12 36 39 18 16  6 25 30 46 28 35 11 13 30 38 10 18 35 15 19
 25 29  2  6 22 39  4 14 11 19 16 20 11 31  3 22 15 28 36 15 25 19 45 35
 43 26 42 21 22 45 43 36 20 38  1 20  4 37 15 23 42  9 21  8 10 32 30 45
 27 16 19 29 21 19 20  3 12  7 21 17 44  6 23 12  3 36 44 20  2 34 11  3
 38 46 20 23 44 22 34 37 30 24 27 27 14 24 18 29 36 42  2  6 29 29 11 19
 45 38 36 21  4 24 12 40  1  2 29 44 14 17 14 21 45  3 24 24 43 21  2 40
 36 43 23 45 36 19 15 35 32 32  7 38 42 37 10 15  7 15  1 41 16 44 45 35
 36  3 10 22 19 23 38  1 14 23 44 29  6  1 27  4 17 29  1 22 31 36 28 23
 19  8 27 16 39 34 27 14 39 17 25 22  9 11 36 41 25 18  3 31 29 25 42 10
  6 10 32 25 34 33 45 28 20 20 27 46 30 14 10 34 34 18 42 23 15 43  3 27
 35 43 32 20 15 37 45  2 35  4 37 18 37 16 22  4  3 18 24 24 33  4 23  8
 17 12 44 40 21 28  7 31 46 10 42 25 30 16  1 38  4  4 26 19 36 30 10  5
  8 46  7 16 24 17 16  4 13 13 18  8 46  7  9 34 42 23 18  4 37 19 31 16
 21  4 32 32 46 36 39 37 29 20 22 17 28  5 26 36 24 36 35 12 34  2 28 24
 34  3 20 33 20 17 16 31 33 30  2 32 29 22 42  8 12 46 20  8  6 38 30 17
 27  9 12 29 40 14 44 37 25  2 36 44 11 29 16 33 12 46 46 37 33 11 15 40
 19 22 36  7 27 25 33 12 23  3 35 30 21 39  6 26 10 33 24 16 20  8 27  3
 39 29 42 19 13 31 31 14 22 17 40 17 30 21 43 13 13  3 36 10 36 13 35  6
 16 24 37  4 45 11 18  1 44 17 32 19 38 28 30 39 39  8 33 35 34  9 28 16
 45 18  1  4 23 39 28 43 45 40 20  7 30 20 43 33 34  9 24 12 11  9 25  5
 23 10 30 27 43 19 11 15 14 24 34 30 26 12 38 33 11 42 29 12 41 26  5  5
  8 16 38  2 27 44 35 25 13 32  4 30 12 21 20  5 42 21 18 38 22 33 12 25
 16 11 10 19 38 28 31 19  8 22  1 40 10 37 19 23 34 41 39  1  6 41 34 18
 21 46 19 39  2  4 24 13 46  5 36 38 16 34 24 12 38  6 27 32 10 42 34 46
 28 31 27  5 26 40 16 34 16 40 44 13 16  6 30 17 29  4 10 11  7 17  6  1
 40 12 23 11 28 40 28 44  5  7 33 24 26  6  4 18 18 12 46  7 16 28 45 15
 10 46  6 45  3 18  7  3 30 35 44 32 23 27 44  3 20 41 20 18 27 35 37 14
 46 34 15 29 27 33 28 21  7  9 19  6 41  6  4 12  3 34 24 22 40  7 37 43
  6 15  1  2 44 24 25 44 38 46 43 26 19 37 45 38 29  7 28 33 38 38 15 30
 17 10  9  4 35 13 28 38 35 39  9 46 45 18 27 40 16 24  6 27 42 41 30 24
 17 22 22 14 40 41 10 37 46 16 15 20 28 16 14 37  1 11 20 18 19 40 45 10
  4 42  2 28 24 22  1 19  7 34 26 28 45 25 29 13 22  3  3 22 17  9 26 34
 20  8 18 42 33 22 42 43 41  7  2 24 10 14 31 10 13 26 20 41  7 24 44 10
  8 38 41 28 14  5 19  4 43 25 36 18  1 33  5  1 28 41 13 27 15 11 12 12
  7 40 14 25 14 33  2 46 19 22  6 42 44 37  3 11 40 28 37 28 22 16 38 24
 31 42 17 15 45 19 32 45  7 39 31  4 17 11 12 10 33 27 19 25 34 27 19 36
 30 38 13 40 24 33 25 37 26 26 12  6 40 31  3 16 29 27 33 12 29 26 23 19
 41  5 11 39 46 39 21 28  8 38 14  2 15 46  4 29 40 29 41  9 19 43 26  2
 24 45 32  8 28  9 10 17 28 36 15 18 14 15 26 19  3  5 29  2 18 37  5 30
 28 38  2  5 17 39 29 46  1 43  6 15 22 12  9 26 34 42 40 32 16  4 46 15
 32 26 39 36 24 36 13 14 32 17 41 42 11 34 46 14 40 16  3 44 22 44 11 19
  1 36 21  3  2 23 23 29 40 25  8 26 14 37 27 21 10 24 22 43 31 44 13 31
 12 27 14 16  7 34 41 27 26 10 14  3 41  1 41 23 25 35 40 27 24  1 35 14
  9 37 28 13 33  6 27  4 16 40  2 41 30  1 36 15  9 36 16 42 31 20  1 26
 39  5  3 14  7 44 23 29 31 30 21 20 21 29 45 31 26 35 46  5  3 22 25 27
 37  6 23 41  6 36 13 16 35 33 31  6 38 27 43 15  7 27 25 21 11 11 29 35
 43 46 31  4 23 10 14 15 20  2 24 24 42  2 30 25 22 33  9  6 27 25 18 28
 42  9 22  1 14 17 29 17  9 24  4 13  5 34 15 37 12 21 40 26 20 19 14 37
 37 31 16  1 40 31 37 27 46 16 21 29 21 17 27  3  9  3 41 22 34 28 13 30
 21 21 25 29 25  3 27 15 12 45 19 42 23 33 31 25 10 32 12 12 22 35 16 42
 34 16 31 44 14 44 45 29 20 22 28 11 36  1 44 25 18 46  5 44 46  5 22 20
 26  7 41 17 33 40 25 41 24 28 15 44 18  3 18 14 35 21 17 45  2 19  8  8
 39 11 44 14 24 21 37 39 22 22 22  9 46 41 35 35 41 28 30 38 41 39 30  8
  7 24 43  7  3 22 41 24 24 33 11  4 13 46 17  2 46 26 46 26 31  3 12 31
 24 36 29 34  8 37 37 35 38 23 30 10 29  4 40 17 30 34 20  2 27 41 16 31
 17 34  9 18  2 35 44 12 27 46 23 16 23 44 33 38 21 11 12 42 24 18 45  6
 19 29 37 34 31 45 39 22 17 38  9 39 31  2  9 26 24 32 25 23 30 37 45 20
 12 38 35 29 12 29 19 24 41 40 40 44  4 24 24  5 42 38 12 17  6 10 21 31
 46 31 21 25 16 37  7 30  9  9 13 45  3 40 46  8 12 35 25 34 43 31 24 26
 43 10 26  2 43 35 33 28 36 33 28 26 14 40 33 26 37  6 34  4 25 24 13 30
 21 36 25 38  6 44 11 40 11 40 36  9 25  6  7 12 30 10  1  1 21 20 21  2
 36 31 17 38 29  5 21 14 20 11 13 36 42 18 34 11  1 18 24 34 38 29  3 18
 36 46 43  6 16  4  3 40 12 36 19  5  2 16 21 45  4  5  2  4 40  1 24 36
 14 18 23 22 28  9  7 31 20  9 44 10 43 11 21 31 17 34 13  4  1 27  1 15
 22 30 10 18 37 35 16 45 45 21 19 17 26 46 40 35 42 24  8  4 21 42 41 41
 38 17 27  8 35 30 37 21 23 43  4 22 45 12 37 18 38  8 31  6 40 43 16 41
 34 37  6 12 27 45  1 40  6 28 22 13 42  4 41 13 30 30 24 40 39 35 14 20
  8 12 45 29 11 38 43  7 45 21 13 46 29 13 27 14 25  2 37 10 16 34 17 44
 22 34 32  3 18  2  2 38 28 45  8 14 23 24 29  3 34  3 34  4 36  8 42 19
 17 35 25 20 15  6  4  8 40 38  6  5 18 19 10 13 11 43  3 33 32 31 36 22
 40 40  1 30 26  5 41 37 46 24 31  7 33 13 35 43 16 25  6 25 34 22 16 18
  4 40 19 45  7  7 28 23 23 11  2 34 16 22 31 15  9 29 21 44 15  1 28 13
 32 21 19 12 43 40  3 30 44 33 29  3 39 12 31  6 32 37 28 37 37 26 35 28
 17 29 46 39 43 42 12 18 11 11  4 32 36 22 37 44  3  5 46 34 17 15 27 35
 19 11 41 39 34 29 40 16  2 42  5 38 14 35 38 44 33 11  4 28 18 34 41 37
 34 30  8 37 44 15  8 12 12 14 37  4 33 17 28 34 17 39 35 38 22  6 15 45
 15 33 18  6 25 43 37 45 36  1 23 33 28 25 16  5 10 25 36 13  5 20  2 19
 40 36 19 41 36 33 36 27 46 24 17 10  4 42  3 22 41 18 19 23  1 29 31  6
 44  6  1 40 17 25 33 14 23 36  9 30 16  6 45  5 19 22 29 39  4 13 23 42
 23  9 15 41  8 45 12 11 29 40 30  1 20  4 35 32 44 32 31 40 38 38  5 22
 25 34 35 19 25 25 29 27 16 10 24 29 37 40 25 21 24  2 16 21 30 17  7 14
 39 28  6 30 33  3 39 22 16 33 15  2 17 27 24 16 39 25 21 18 35  3  1 21
 30 26 16 15  9 39 37 29  9 19 45  7 44 44 12  9 25  4 42 25 24 34  3 23
  3 43 40 23 14 43 29 45 23 27 23  5 18 35 30 10 44 33  6 29 23 39 41 29
  6 46 42 31 17 12  4 39  8  6  9 32 35 41 35 16 19 35 15 29 34 37 10 43
  2 14  8  2 34 27 13 38  3 35  5 15  4 31 41 43 39 43 32 28 45 34 36 37
 31  9 20 24 28 19  3 32 37 41 19 42 40 40 14  2 12 42 43  1 11  5  2 13
 35 44 37 41 15 24 15 15 21 15 13 18  3  5 16  6  7  8 35  4 46  1  8 37
 34 30 14 29  6 14 39 24 18 32 40 42 24 29 41 12 39 23  5 42 23 45  9 32
 40 10 43 41 20 15 35 16 10 33 34 27 13 16 41 21 41 46 15  8 19 22 40 26
 32  4 29  5 20 26 10 34 30 29  2  9 30 37 11 13 10 31 39 44 36 37 34  4
 41 12 30 33 20 43 29  3  2 33  5 46 21  1 10 46 10  8  6 16 46 39 21 19
 13 16 39  1 40 13 24 19 21  1 17 31 35 33 22 22 27 46  6 45  8 31 45 20
 24 13 16  4 34  6  6 43 29 30 44 29 22  1 32  1 17 38 31  2 10 26 44 14
 30 42 22 12  8 18 35 26 32 20 46 25 35 42 30 22  3 33 44 43  2 45 19 12
 43 44  2 21 13 14 11 34 20 14 41 20 10 28  8 17 31 23 23 34 23 46 16 43
 46 20  6 17 46 37 22 34  3  9 17  1  6 10 12 26 36 16  6  6  6 16 25 27
  8 20  4 20  8  6 20 13 11  5 42 22 34 29 21 23 23 10 24 10  4  3 32  8
 37 10 33 22 10 40 13 12 28  3  3  8 20 44 25 20 24 15 45 24  6 39 10 27
 38 22  1  5 24 17 27  9  5 33 38  1 15 21 35 32 10 29 33 43  5  2  5 10
 38 18 22 45 14 11 13  4 29 27 43 45 24 20 15 11 17 33  5 36 20 24 41 15
 25 10 33 40 26  6 21 41 16 34 26 31 11 13 21  5 11 20 18  2  3 18 28 35
 40 32 43 12  3 10 13  6 22 10 21 38 39  4 42 12 41 13  6 39  9  1 42 45
 28 45 24 32  9 34  6 26 46 37 34 19 20 26  7 30 13 28 38 33 17 21 27 46
 28  6 13 34 25 18 27 24 23 30 14 14 46 26 27  2 22 31 24 40 23  2 46 10
 36 16 34 43  8  7 37 36 32 12 30 12 46 24 18 42 16  6  9  9 45 13 34 29
 20 37 40 45  3  4 42 41 16 25  6 36 28 39 21 42  3 37 25 10 45 33 20 22
  6 35 39 22 36  8 21 21 26 20  3  7  5 10 22 17  4 45 19 43 10 15  2 22
 46 36 35 13 18 46 15  3  1 44 40 13 18  9 28 45  4 36  4 45 26 43 12 30
  1 19  7  7 19 28  5 45  2 40 31 15 37 20 28 21 23 41 24  7 33 17  7  7
 12 38 40 39 45 28 15 24 29  4 23 24 34 32 38 11 15  1 38 46 27  1 42  6
 45 22 17 17  3  4 45 20 26 20  8 25  7  3 31 19 25 39 25 28 36 15 37  3
 39 17 32  7 37  4 41 16 18 44 33 26 45 34 37  1 13 29 34 24  8 13  1  1
 41 43 20 28  2 16 10 17  8 25  4  2 15  4 24 23 24  2 31 14 46  8 33 37
 40 26 35 22  4  4  3 38 16 34 26 11 16  7 32 26  3 32 19 12 31 31 22 22
 12 25 24 30  6 26  3  1  1  5 43 25 35  6 28 15 41 38 10 30 19 11 28 43
 40 29 34 35 25 21 23  5 11  6 33 12 28 10 27 23 32  1 21 16 41 13 40  6
 22 39 22 40 15 41  2 30  1 45 35 41 14  7  8 15 24 20 16  6  8 38  2 21
 25 41 17  7 41 12 23 37 41 45  5 39  8 30  1  2  8 45 22 18 34 35 41  4
 10  7 45 29 11 11 10 42 46 41 34 18 12 28 38 20  1 39 45 10  9 23 46 45
 34 38 41  6 46 33 19 25 41  2 34 25 44 32  3  3 17 37 25  6  3 37 39 38
 10 43  3 11 25 40  8  4 38 39 21 41  6 38 46 46 40 20 15 23 38 30  1 14
 10 44 23  9 26 34 14 28 38  7 26 34 22 40 11 40 32  8  1 18 37 23 38 38
 26 46 19  5 27 34 46 38 14 25  8 40 14  7 33 31 11 18 17  2 16 28 13 44
 42  9 31 28 36 46  6 28 27 38  5  8 21  3  1  9 37  5  4 22 23 42 30 24
  5 11 30 11 17 34  4 45 34  1 23 37 31 36  5 20  9  3 23 40 39 13  5 32
 11 26 11 13  1 41 35 40 39  4 20  5 12 14 38 17  7 41 17 20  1  6 30 10
 32  7 45 32 31 35 32 41 35 37  9 16  8 22  3 24 41 16 14 44 29 45 20 10
 31 34 16 35 19 28 11 23  1 31 26 38 35 17 25 19 11 25  5  4 11 24 41 32
 39 35  1  3 14 10  5 18 38  5 24  5 38 40 10 37 37 20 32  2  2 34  1 38
 22 16 45 17  6 14  1 37 15 29 10  1 15 36  6 18  1  7 13 44 13 40 15 22
 13 37 12 22 35 18 18 19 42 21 14 34 37 17  5  1 16 18 23  1 34 11 22 27
 32 38 14 27  5 41 34 44 14 13  5 38 31 42 40 12  6 16 41  4 17  4 36 19
 12 41 39 22 13 45 29  5  1  4 46  7 14 45 13 39 18 13 41 17 10  7 32 12
 34 18 41  1  1 34 12 21 16 31 44 16 43 15 34 34 12 46 19 35 30  9  3 35
 34 33 35 18 17 27  6 19 42 46 43 25 17  1 43 33 34 25 10 36  5 37  8 43
 32 32 38  7  2 24 11 20 30  1 27 31 27 46 45 14 18 34  1 31 14  1 44  1
  3 43 45 24  3 18  1 41 41 33 21 12 20 10 14 13 17  2 38 12  1 11 38 27
 30 34 38 41 32 26  1 36 11 10 29  8 21 27 42 20 13 43 37 44 35 19 13 30
 42 45 17 43 46 33 45 25 33  8 16 13 40 41 43 34 12 11 13 22 26 33 31 39
 14 16 33 39 44 20 42 39 40  7  7 34 16 17 30 44 33 25 11 37 37 15 35 42
  4  5 30 35 20 12 38 42 20 17 15 21  2 20 40 42  8  9 36 14 42 34 26 27
 44 17 23 23 27 14  6 42 20 40 14 24 30 14 38  9 29 42 25 41 39 19 46 31
 33 19 11  2 38 44  6 23 19 39  6 29 32 25 31 24  2 46 17 19 32 11 29 39
 16 24 17 27 30  9 35 26 14 18 39 20  4 24 13 14 38 35 20 36 40 44 14 21
 30 16 23 36  8 36  1 39 28  9 18 43 42 45 27 10 44 31 38 38 37 29 35 39
 18 10 24 28 45  6 30 15 23  9  3 32 31 35 29 19 26 14 37 13 21 18  7 26
 17 10 13 37 25 10 38  6 46 43 40 44 15 16 41 34  3 28 40  3 39 44 24 30
 23 12 11 11 37 40 24 41 16 40 42 34 10 36 40 42 36  3 40  3 41  3 23  2
 14 27 30 13  5 21 26 25 38 42 45  5 32 15 12 13 30 37 14 35  3  6 16 20
 16 28 18 20 44 20  8  4 46 44 36  2 11  8  3  9  1 37 46 29 13 45 44 45
 42 30 15 44  6  9 36 26  7  1  8  4 25 12  6 40 36 12 19  4 38 22  4 17
  9  6 25 37 39 37 37 37  6 37 40 19 26 30 45 46  1 39  7 17 25 21 32 23
 37 26  3 45 34 24 36 20 32 28  8 39 37 42 21 15 12 16  7  4  6 26 14 43
 30  9 42 21 45  5 44 44  3 25  5  2 11 38 22 36 37 36 25 43 41 30 10 11
 45 12 43 26 15 37 41 33 33 16 41 17 14 35 24  2 26  3 40 27 41 27 23 37
 13 30 20 21  6 32  6 32 10  6  3  1  9 32 43 17 45  8 26 10 20 15 35 17
 21  6  4  9 39 40 27 45 44 19 20 44 24 33 15 42 38 12 15 35 28 39 45 23
 20 45 11 23 37  1 44 45 19 24 37 28 36 24 10 14 17 10 12 10 15 25 22  4
 26 10  2 42 10 42 37 29  5 42 38 13 38 43 38 28 28 28 20 21 46 33 41  4
 41  8 27  8  4  6 39 21 19 28 30 22  2 26 26 34  1  4 38 46  2 11 45 27
 17 43 30 36 36 36 20 29  4 11  1 31 32 13 30  4 35 45  6  2 44 23 22 43
 28 44 12 26 15 26 42 12 37 28 36 18 35 33 30 26 18 25  1 24 16 38 15 37
 41 21 35 29 41 32 19 40 38 29 20  7 31 42 45 45 42 25 20 15 23 25 12 45
 38 41 37 41 27  3 20 41 45 31 40 42 18 29 22 28 22 44 12 35  4 16  5 45
 12  2 17 37  3 28  6 42 36 20 14 15 44  4  7 37 37 38 18 12 21 34 41 33
  3 16 43  7 37 19 43 26 19 24 11 40 28 43 10 14 28  7 32 30 31 25 26 19
  8 34 31 41 43  9 19 36 10 17 11 29 33 42 18 10  9 22 40  8 35 24 35 38
 28 33 43 25 25  4 16 42 34 11 37  9 28 14 12 38  1 35  1 45 14 26 45 28
 41  6 33 14 12 34 33 25  2  7 34 37 27  2 44 42 32 30 44 46 23  7 19 42
 32 44 37 17 22 37 22 33 33 12 28 24 32 42 10 25 15 22 14 29 14  6 44  7
  4  7 34  2 32  8 35 14 44 17 11 32 41 12 42  4 17  7 41 42 17 45  1 37
 15 46 21 34  1 42 40 37 25 23 34 11 33 28 34 32 19 36 29 34 29 27 18 37
 26 46 43 34 23 46 33 30 22 12 45 21 21 24 19 27 23 37  7 37 17 14 37 44
  5 10 26  9  2 45 28  6 45 12  8 30 17 43  3 36 42 40 13 23 11 15 29  9
 28 10 30 36 46 45 13  1 19 12 12 36  2 23 37  9  6 30 32 12 40  5 38  2
 18  9 36 13 28 22  1 37 30 41 38 31  3 41 34 46  1 44 33 19 32 36 35  5
 35  8  2 44 31  7 30 20 13  3 13 35 28 32 43 20 22 29 18 27  4 17  5 44
 39  2 18  2 44 45  5 21 42  1  7 27 12 42 15 20 24 18 14 17 38 31  7 44
 41 13 45 36 31 44 45  7 36 19 29  9 38  1 31 17 21 36 16 13  2 44  4 14
 39 26 33  3 38 23 11 13 23 40 12 31 22  8 40 41  8 41 42 34 14  2  8 35
 25 45 14 45 30 11 43 10  9 21 39 31 44 40 32 37 30 23 42 10 46 26 27 39
 28 14 27 45 34 22 31 23 20 31 22 24 43 31 36 29 10 29  6 43 23 16 18 25
 13  9 12  8 17  3 12  3 27 10  3  5  3 21 40  2 13 18 22  1 19 24 31 29
  3  7 14 44  2 29  5 15 18  9 44 24  7 11 44 23 46 33 44 20 37 43 13  3
 40 33 31 25 33 30 41 45  5 25 35 27  4 18 26 35 14 14 10 14 45  6 29 21
 30 42 13 22 45 32 18 15  7 37 42 31 29 40  4  9  3 20 29  7 11 26 10 13
 28 17  6 34  4  1  4 22 27 14 40  1 21  3  2 27 39 22 38 26 10 15 40 33
 16 24 18 25 18 39  1 26  2 17 37 12 15 38 11 30 42 20 21  3 44 44 35 17
 40  7  1 11 18 24 33 34 18 39  3  6 20 15  7 39  5 43 20 20 14 44 28  9
 31  7 33 36 21 24  8 17 26 31 16  1 40  3 25  7 10 11 18 45  1 23 25 34
 28 30 20 34 20  2 40  2 46 42 14 37  5  8 24 11 37  2 21 30 33 31 26 16
 11 40  7 40 17 17 36 37 39  9 42  7 19  1 25 40 41 28 18 31 17 15 45 14
 19 21 23 15 12 38 26 24  1 38 41  3 13 32 16 31 15 35 32 23  8 23 37 40
  8 26  9 11 34 32  7 26 19 35 37 10 30 28 11 44 12 10 15 28 22  5 41 44
 43 28 42 39 21  3 43 32 12 28 11 45 21 14 24 20 14 38 16 13 26 38 42 19
 46 39 41  7  5  2 12  3 44 19  6 46 28 32 40 25 39  5 42  1 31 35 25 13
 32 27 40  6 26 23 38 22  4 36 41 45 17  9  9 23  4 27 31 30 22 11 29 44
 29 22 44 35 15 22 38 22 14  9 43 32 14 15  3 37 42  6 25 14 14 26  7 35
 36 20 14  5 10 16  7 28 19 45 12 13  7  8  4 29 10 40 27 44 26 45 11  4
  8  2 16 43 43 18  8  2 10 10 45  3  6 33 17 11 37 17 35 32 22 15 42 10
  8  5 18 40 16 18 37 44 44 14  9 22  9 20 34 32 31 37  4 19 46  7 42  3
 37 39 10 14 19 30  7 35 20 17 31 28  7  7 45 42 22 25  3 38 41 10 19 39
 29 23 24 11 41 30  9 37 29  7  9 44 44 14 16 22  1 23 30 44  2 21  6 25
 19  7  4 27 19 13 27 15 34 32 42 33  9  5 42  4 31 21  7 43 25 43  3 33
 22 13  2 39 21 25 22 36 24 39 44  8 35 15  5 39 34 34 25 31 38 37  3 33
  3 29  1  1 28 33 23 35 11 17 26  9 41 42 29  6  5 10 24  4 13  1 23 19
  4  5 28  9 27  7 40 31 40 28 46 26 10 28  3 15 24  6 28 16  6  8 20 26
 24 19 39 37 37 35 33 22  2 40 12  9 12 45  8  7 17 27  7 41 40 27 10 39
 25 36  9 42 35 23  9  5 34 39 11 41 12 36 19 31 33 25  5  4 20 39  2 17
 20 38 45  7 40 37  2  3 15 33 40 39 43 46 19 22 21  8  8 19  2 10 17 44
 40 36 38  6 38 12 15 28  7 41  7 19 44 14 31  3  7 17 35 41 20 23 15  6
 39 15 10 10 14 38  3 12 42 29 31 20 27 23 23 22 46 44 25 39 20 28 19 22
 22 19 32 27 25 13  3 10 23  3  5 11 24 15  1 39 27 21  3 43 29 23 40 16
 26 43  2 20 25 35 40 45  7 38 16 32  4 38 31 34  7  5 17 20 17 25 23 43
 26 33 12 23 32 37 19 10 21 46 44 16 13 33  2 24 38 29  6  4 22 16 38 24
  5  7 37 27 44 41 13 13  5  6 33 20 29 39 39 16 12 19 33 41  5 18  1 41
 41 42 20 34 29 37  6 12  3 20 12 36 42 45 29 40 43 26 14 33 21  9 17 41
 15 37 19 36  3  9 17 17 45 39  3 20 38 32 33 20 38 37 10 12 29  8  7 46
 13 42 23  8 26 13  4 45 18 18 44 25 25 37 31  6 26  7 26  5 28 40  9 13
  4 40 12 44 45 10 28 42 34 21  4  6 45  9  7 19 42 20 30  4 11  3 13 33
 17  2 37 36 44 22 42 36 21 38 43 46 27  3 40 40 44  4 36 45  8  8 41 18
 38 13 35 29 22 42 34 39 17 32  8 38  7 32 21 10 32 26 43 43 22  3  8 27
 18 38  2 46 13 29 28 34 40 31 41 41 14  1  4 31  4 15  8 46 38 31 26 14
 42 18 34  3 24  2 19 19 21 34 10 39 31 38 28 43 12 16 39 24 40 15 19 43
 34 35  7 37 22 21 36 28 20  4 10 11 22 24  7 33 17 27 27 18 34 41 44 34
  2 44 36 13 39 10  7 43 39  5 26 11  9 10 16 45 38 38 26  6  5  2 19 17
 35 31 26 41 44 36  6 29 32 25 23 12 29  9 35 41 28 19 31 39  8  4 38  5
 24 22 27 15  6 45 22 27 20 42 20  3 42 24 37  3 35 21  5 15 33 36 21 44
 31  5  9 25  2  6 19  7 34 43 23 19 26 33 46 16 25  8 17 34 30 30 19 32
 13  3 14 15 11 32  5  7  4  4  3 23 28 35  6 31 26  9 33  7  4 25 32 22
 43  1  2  5 14 32 39 34  6 41  8 34  6 15 31 20 28 44 32 22 29 42 22 28
 21 14  3 46 20 15 17 38 37 46 14 21 21  2 44 35 15 10 27 44 21  1 12 17
 45  5 21 20 26  6 18 30 39 29 14 10  9  7 20 11 22 41 25 38 41 23 21 25
 41 26 14 20 40 28 27  7 43 33 17 20 41 18 39 20 27 41 36 38 11 18 41 22
 17 38 33 18 30 28 36 33 40 21 24 36 25  6  3  3  4 10 31 23  9 13 45 41
 42 26  6 27 14 14 32 19 39 19 10  5 36 23 26 40 14 23 46 46  4  4 43  9
 14 25  5 44 19  4 38 18  7 24 22 30 10 40 16 36 46 41 21  1  4 13 25 26
 23 13 22 45 23  3 26 41 27  1 35 25 43 18 32 40 32 41 41 33  3 15 29 33
 36 27 45 25 46  4  6 43 39 34  8 32 36 21 35 30 17 23 40 27  4 27 43 31
 18 19 33 18 23 11  2  8 37 21 41 34  5 46 32  2  3 34 35 23 18  5 38 39
  3 38  2 21 46 26  5  3 38 26 27 45 42 20 44 46 27 45 35 14 38 14  8 34
  8 25  2 39 37  7 31 39 22 46 44 11 26 13 36 39 23 13  8 27 33 39 13 16
 21 13 13 26 41  1 13 24 37 39 46  6  7 11 37 36  8 27 27 17 24 25  7 40
 41 43 41 33  4 18 31 14  1 22 13 34 28 43 45 20 36 28 25 15 34 13  7 19
 15 45 46 25 30 42 25 20 45 42 12 40 39 46 23 22 15 28 18 21 27 24 38  8
 41  3 28 20 46 16 14 35 17 23  7 28 13  4 15  6 33 10 28 11  4 44 10 33
 44 16 14  1  4 14 11 34 12  9 32 22 19  1 39 27 36 26  3 43 15 12 37  2
 36 30 28 42 11 38 46 20 31 19 16 24 36 13 13 33  9 30 17 44 44 13 11 46
 11 39 15 45 33 20 45 37 42 36 31 36 14 19 31 38 22 34  5 22 46 13 15 17
  7 44 30 21 27 20 16 21  3 29  4  7 14 12 22 26  9 44 39 46  2  6 10 16
 23  3 46 10 20 34 35 46 29 46 40 34 44 42  8 33 46 29 37 15  1 22 23 10
 20 32 45 39 39 12 41 34 13 33 25  8 38  9  8 43  3 18 36 24 42 13 45  1
  5 20 10 15 43 17 15 26 36 36 45 20 27 20 25  7 42  8  2 34 31 39 25  7
 26  7 10 16 11  9  3 10 43 19  9  3 16 11 17 23 44 39 13  8  9 37 37 13
 37 45 16 40 13 27 39 37  7  8 36 27 46 36 30 44  8 31 43 41 39 25 28 26
 19  5 20 35 36 14 33 22 15 12  7 41 18  3 11  9 11 12 26  7 38 39 30  8
 26 43 39 11 15 33 45 29 15 24 14 11 10 21 32 23 28 22 40 18 18  6 12  2
  1 33 18  6 39 36 12 29 33 41 28  5 34 20 20 12  5 33  6 15 28 21 34 23
 42 28 27 22 22 25  6 17  8 45  9 16  5 31  9 20  2 43 39 42 31  9 45 10
 33  8 27 30 42 41 25  3 10 20 24 39  9 39 14 35 11 45 28 28 33 13 10 29
 21 31 29 46 36 29 28 39 33 24 15 44 44 25 14 40 31 23  9 19  2 25 22 26
 29 17  2 45 18 34 27 22 40 35  9 12 10 32 21 23 40 45  6 10 22  4 34 12
 26  3  7  4 46 24 31  1  5 38  6 14 20  3 44  1 13 35  6 26  1 26 23 10
 24 27 42  5 39 41 31 35 18 29 29 34  2 33 34 19 33 44 33 33 23 18 42 40
 20 32 18 22 46 13 18 19 14 12 42 10 11 45 15 27 36  1 44 27 40 44 16  3
 31 28 19 31 36 37 45  3  4 30 34  8 41 20 41 45 18 21 26 35 39 32 16 19
 30 29 40  1 19 36 41 19 21  1 36 13 35 23 27 12 18  5 17  8 13 23 45  1
 13 39 44 21 23 22 13  5 30 22  5 46 30 45 20 16 21 25 13 44 23 14 26 45
  4 24  1 17  2 10 40  4 12 23 16 15 31 11 16 16 38 45 25 36 12 28  9 31
 27 36 28 23 16  1 45 28 35 38 19 44 14 17 34 43  4 11  6  3 41 28 21 33
 22 23 27 28 10 27 34 18 31 37 35  5 19  9 12 22 30 40 34 34 31  4  9 21
 11 37 33 21  4 23 39 31 46 16 38 35 13  1 44 28  7 41  4 15 13  9  9  2
 36 41 33  1  6 33 13 27 41  9  8 39 34 13 27  6 30 31 36 17 14 32 14 23
 44 21 10  4  1 21 33 13  5 18 25 24 29 44  6  5 29  5  2  2  7  3 20  9
 40 10 15 16 44 44 21 11 25 43 29 33  3 45 15 12 34 29 10 25 30  2 33  1
 21 39 27  7 13 45 29 21 44 31 21 43 36 17 39 22 45 14 31 32 19  5 15  8
 41 24 30 21  7  3  8  4 14 13 13 36 28 25 36 13  1 38 38  1 16 37  1 17
 23  9 43  7 38 25 32 14 11  2 34  7 34  1  3 46 37 20  8 13 19 39  2 16
 25 43 43 44 43 13  5 12 44 40 24 12 30 24 39 12 22 37  7 16 27 29 23 40
 43 43 15 15 41 21 20  8 46 25 17 22  2 29 30  6 20 27 18 41 10 31  8  6
  4 24 16 10 10 31 15  9 32 29 17  1 11 10 36 35 21 27 14 24 44 16 17 39
  2  2 41  2 27 13 33 19 42 43  6 38 35 29  1  9  7 10  6 39 18 18 22  9
 41 13 16 22  4 36  8 30 19 22  2  4 20 46 21 39 20  9 30 11 24 21 31 36
  4 30 31 42 45 12 32 39  1  7  6 37  5 29 14 16 10 16 27 18  9 44 13 21
 31 12 10 19 32  1 20 39 22 43 39 25  2 30 13 27  3  6 41 18 29 20 32 10
  9 12 34 41 41 42 45 16 31  6  5 23 11 18  4  5 36  4 41 29  2 18  8 20
 44 32 16 40 40 19 38  6 21  2  2 43  7 10 10 41 13 26 19 19  7  9 23 31
 43 27 18 20 23 36 11 20 23  6 14 40 25 40 33  4 19  7 32 44 20 31 28 45
 15 34 45 46 28  5 30 33 16  2 32 27 24 23 38  5 24 11 26  5 43  4 18  7
 15 37  4  6 45  6 15 33  1 35 27  8 37 45 23 16 14 38 37 15 10 11 30  7
 23 16 35  9 18  3 40 38 34 42 37 22 39 39 25 35 19 36 11 24 44  4 27  2
 23 44 21 40 36 41  8  3 16 20 45  1 28 44 39 29 40 34 41 26  7  4  9 40
 26 37 31 23 10  5  4  2 38 20 31 33 29 22 15 40 15 42  3 14  2 25  6  1
 41  1 17 17 41 20 24  9 45  8 20 24 20 43 39 21 46 29 12 42 45 38 25 34
 38 38 24 21 39 46 24 13 36 27 21 21 17 11 35  4 19 38 38 28 46 33 25 46
 32 30 20 43 42  5 29 46 11  3 42 32  9 20 45 21 20  6 24  2 38  7 45 23
 43 21 15 35 24 13  2  8 41 26  1 35 40  7 39  4 29 30 38 38 21 32 14 16
 23 38 13  9 18  1 43 42 23 12 35 41 33  8 37 40 40 15 43 26 24 15 14  8
 29 12 28 10 39 33 16 24 10  5  1 29 26 13 20 39 18 32 42 10 36 11 19 39
 24 37 16  6 30 25 25 17 45 37 17  6  4 16 42 33 33 27 39 19 43 40 39 15
 44 40 33 10 30 15  5 15 34 46  2 29 35 17 46 12 29 34 21 17 30 14  9  4
 18  4 24 26 32  2 44 46 17 33 12 43 40 17  6 37 37 17  1 35 15 29 22 11
 16 19 11 10  4  4 46 10  5 22 17  5 36 35 21 21  7  5 16 44 17 42  8 34
 31 22 32 27  5 40 17  6 46 37  9 22 11  6 37 10  5 43  6 44  6 24  4 15
 17 24 42  3 17  4 26 43 39 32 44 41 25 28 46 15 37 17 24 44 45  1 16 28
 28  6 42  8 10  1  8  9 31 38 10  4 42 19 15 38 12 46 28 21 31 30 26 24
 40 38 21 20  6 37  1 22 35 16  9 20 40 13 42 34 28 33 14 21 45 16  1 17
 44 15  3 33  6 44  7 42 34 39  5  3 28 10  4 14 40  1 36  6 23 28 32 27
 19 20 31 28 38 11  9 24 34 35 17 11 14 16  1 24 44 16 20 29  9 32  4 40
  2 20 45 24 40  8 42 30  6 41  3 14  1 24 33 14 39 46 45 29 34 28 32  4
 16 19 16 22  4 14 41 42  8  8 46 28 36 33 23  9  5  6 43 46  7 13 16 19
 18 23 40 27 23  5 26  1  4 25 24  3 10 31 39 10 37 22 43 34  9 12 11 42
  6 26 35  4 15 43 26 21 13  5 22 38 11 29 14 30 38 44  1 29 24  4 17 26
 11 11 30 29 26 31  8 11 36  1 13 18 30 24 39 16 45 21 32 24  1  4 30 27
 37 30  2 46 45  8 34 29  6 13 34 36 21 26 35 17 38  3 42  9 12  4 19 46
 43 14 35  6 38  8 37 27 15 30 26 35 35 44 33 34  8 31 46 45 13 27 12 34
 44  7 38 23  9 18  1 25 44  5 29 25 46 31 30  4  7 26  3 24 36 20 45 37
 39 30 15  5  5 18 32  2 32 10  7 17  7 10 14 21 38 15 22 39  6  8 27  6
 18 14 29 34 24  6 35  5 27 29 17 23 24 13 45 14 13 41 45 35 30  8 39  3
 13 31 21 23  3 12 13 38 32 27  1 33 43 22 20 35 30  2 37 21 22 39  9 26
 33 11 19 22 11  9  9 43  3  5 45 12 35  4 12 11 19 43 36 42 39 32 34  5
 35 39 21 34  9  7 26 11 10  9  5 40  7 22 29 36 20 10 16 40 28  4 30 35
  5 36  1 10 15 29 25 32 18  6 30 14  1 10 31 45 17 12  5 13 30 22 23  7
  2 30 17 22 20 10 37 12 31 34 10  5 44 11 17 10  2 16 25  8 29 44 32 44
 25 20  9 36 29 20 16 34  4  5 44 27  5 39 35 17 41 18 30 17 11 25 13 29
 20 45  5  4  1 18 43 33 13 38 28 27  9 27 18 12  3  6 35 46 39 24 39  2
 36 42  8 36  5 15 24 12  5 42 15 26 41 23 21  7 25 30 23 21 10 18  4  7
 33 18 21 45 11  3 21 17 17 42 38 25 29 33 37 32 35 35 36 11 22 10 32 25
 28 12 30 11  2 20 32 17 12 31 43 16 44  5 18 23 10 10 40  7 27 46 33 42
 44 20 24  1  4 43  4 11 36 19 15 41  3 21  3 27 33  9 12 26  2 44 39 36
 37  9  9  2 10 17  1 30 25 19  2 46  1 14 15 41 18 46 21  4 23 26 21 44
 30 43 10 44 16  8  6 35 42 18 41  5 45 20 38 18 42 39 40 24 12 11 44 19
 10  7 39  9  7 19  9 24 26 11 27 37 42  8  6 20  4  6  8 39 33 25 41 39
 36 40 30  2 35 35 41 42 15 36  6  1 33 38 15 14 30  2 42 11 33 33 41  3
 25 13 14 31 46 37 10 38 34 44 17  7 19 19 39 41]